2000	1024	1025	22.12
2000	1025	1026	22.94
2000	1026	1027	23.44
2000	1027	1028	23.94
2000	1030	1031	24.62
2000	1031	1032	25.50
2000	1101	1102	23.75
2000	1102	1103	23.06
2000	1103	1104	22.94
2000	1106	1107	23.31
2000	1107	1108	23.25
2000	1108	1109	23.06
2000	1109	1110	23.00
2000	1110	1111	22.50
2000	1113	1114	22.56
2000	1114	1115	23.44
2000	1115	1116	24.37
2000	1116	1117	23.81
2000	1117	1118	24.12
2000	1120	1121	23.31
2000	1121	1122	23.12
2000	1122	1123	22.81
2000	1124	1125	23.44
2000	1127	1128	23.56
2000	1128	1129	23.87
2000	1129	1130	25.00
2000	1130	1131	25.06
2000	1201	1202	24.81
2000	1204	1205	25.25
2000	1205	1206	25.25
2000	1206	1207	25.31
2000	1207	1208	24.94
2000	1208	1209	24.87
2000	1211	1212	25.69
2000	1212	1213	25.12
2000	1213	1214	25.25
2000	1214	1215	25.37
2000	1215	1216	25.37
2000	1218	1219	25.62
2000	1219	1220	25.37
2000	1220	1221	25.06
2000	1221	1222	23.94
2000	1222	1223	23.69
2000	1226	1227	24.06
2000	1227	1228	25.19
2000	1228	1229	26.19
2000	1229	1230	27.06
2001	102	103	28.25
2001	103	104	31.37
2001	104	105	30.50
2001	105	106	29.69
2001	108	109	29.69
2001	109	110	29.37
2001	110	111	29.62
2001	111	112	29.25
2001	112	113	30.00
2001	116	117	30.19
2001	117	118	30.50
2001	118	119	30.81
2001	119	120	29.12
2001	122	123	28.81
2001	123	124	28.50
2001	124	125	28.94
2001	125	126	29.31
2001	126	127	30.19
2001	129	130	30.85
2001	130	131	31.03
2001	131	132	31.51
2001	201	202	31.01
2001	202	203	30.00
2001	205	206	30.00
2001	206	207	30.71
2001	207	208	31.32
2001	208	209	32.00
2001	209	210	33.37
2001	212	213	34.40
2001	213	214	35.50
2001	214	215	33.98
2001	215	216	33.73
2001	216	217	31.78
2001	220	221	28.75
2001	221	222	29.90
2001	222	223	29.99
2001	223	224	28.20
2001	226	227	30.05
2001	227	228	29.90
2001	228	229	32.00
2001	301	302	32.35
2001	302	303	32.65
2001	305	306	33.62
2001	306	307	34.51
2001	307	308	33.90
2001	308	309	34.11
2001	309	310	33.48
2001	312	313	33.00
2001	313	314	32.95
2001	314	315	32.60
2001	315	316	33.75
2001	316	317	33.68
2001	319	320	33.05
2001	320	321	33.05
2001	321	322	33.19
2001	322	323	33.01
2001	323	324	33.02
2001	326	327	34.00
2001	327	328	33.25
2001	328	329	33.10
2001	329	330	33.85
2001	330	331	35.46
2001	402	403	35.65
2001	403	404	35.02
2001	404	405	35.48
2001	405	406	36.80
2001	406	407	36.00
2001	409	410	35.99
2001	410	411	35.51
2001	411	412	34.85
2001	412	413	34.69
2001	416	417	34.55
2001	417	418	35.80
2001	418	419	34.51
2001	419	420	34.80
2001	420	421	35.10
2001	423	424	34.91
2001	424	425	33.59
2001	425	426	34.20
2001	426	427	31.93
2001	427	428	30.30
2001	430	431	30.95
2001	501	502	32.00
2001	502	503	32.54
2001	503	504	32.62
2001	504	505	32.30
2001	507	508	32.20
2001	508	509	32.00
2001	509	510	32.20
2001	510	511	32.50
2001	511	512	33.27
2001	514	515	33.40
2001	515	516	34.58
2001	516	517	36.00
2001	517	518	36.40
2001	518	519	36.51
2001	521	522	36.30
2001	522	523	35.42
2001	523	524	35.25
2001	524	525	35.47
2001	525	526	35.60
2001	529	530	35.00
2001	530	531	34.85
2001	531	532	35.50
2001	601	602	35.82
2001	604	605	37.31
2001	605	606	36.40
2001	606	607	35.70
2001	607	608	35.95
2001	608	609	36.58
2001	611	612	36.30
2001	612	613	37.35
2001	613	614	38.12
2001	614	615	37.20
2001	615	616	37.52
2001	618	619	37.54
2001	619	620	36.50
2001	620	621	36.74
2001	621	622	35.87
2001	622	623	35.29
2001	625	626	35.00
2001	626	627	35.00
2001	627	628	35.99
2001	628	629	36.05
2001	629	630	37.00
2001	702	703	38.00
2001	703	704	37.90
2001	705	706	37.20
2001	706	707	36.70
2001	709	710	36.47
2001	710	711	36.90
2001	711	712	36.91
2001	712	713	35.28
2001	713	714	33.37
2001	716	717	33.35
2001	717	718	34.02
2001	718	719	33.60
2001	719	720	33.70
2001	720	721	33.65
2001	723	724	33.60
2001	724	725	32.04
2001	725	726	34.26
2001	726	727	33.89
2001	727	728	33.84
2001	730	731	34.04
2001	731	732	35.20
2001	801	802	35.90
2001	802	803	36.85
2001	803	804	37.00
2001	806	807	36.51
2001	807	808	35.07
2001	808	809	35.50
2001	809	810	33.50
2001	810	811	34.60
2001	813	814	34.95
2001	814	815	34.98
2001	815	816	35.00
2001	816	817	34.55
2001	817	818	34.66
2001	820	821	34.79
2001	821	822	34.49
2001	822	823	34.43
2001	823	824	34.60
2001	824	825	34.80
2001	827	828	34.65
2001	828	829	34.28
2001	829	830	34.11
2001	830	831	34.00
2001	831	832	34.11
2001	904	905	33.70
2001	905	906	33.80
2001	906	907	34.25
2001	907	908	33.39
2001	910	911	32.95
2001	917	918	31.26
2001	918	919	31.76
2001	919	920	32.00
2001	920	921	32.85
2001	921	922	33.20
2001	924	925	32.41
2001	925	926	33.86
2001	926	927	33.81
2001	927	928	33.61
2001	928	929	33.73
2001	1001	1002	34.00
2001	1002	1003	34.00
2001	1003	1004	34.44
2001	1004	1005	34.75
2001	1005	1006	33.96
2001	1008	1009	33.64
2001	1009	1010	33.20
2001	1010	1011	34.95
2001	1011	1012	36.60
2001	1012	1013	36.75
2001	1015	1016	36.67
2001	1016	1017	36.98
2001	1017	1018	37.00
2001	1018	1019	36.34
2001	1019	1020	35.74
2001	1022	1023	36.79
2001	1023	1024	32.56
2001	1024	1025	32.55
2001	1025	1026	32.07
2001	1026	1027	32.67
2001	1029	1030	32.38
2001	1030	1031	31.33
2001	1031	1032	31.30
2001	1101	1102	30.86
2001	1102	1103	31.09
2001	1105	1106	31.40
2001	1106	1107	30.48
2001	1107	1108	30.40
2001	1108	1109	30.50
2001	1109	1110	29.96
2001	1112	1113	29.40
2001	1113	1114	30.88
2001	1114	1115	30.72
2001	1115	1116	30.64
2001	1116	1117	31.05
2001	1119	1120	31.74
2001	1120	1121	33.00
2001	1121	1122	31.83
2001	1123	1124	31.82
2001	1126	1127	31.81
2001	1127	1128	32.01
2001	1128	1129	31.90
2001	1129	1130	32.75
2001	1130	1131	33.70
2001	1203	1204	34.02
2001	1204	1205	34.50
2001	1205	1206	35.43
2001	1206	1207	35.00
2001	1207	1208	34.65
2001	1210	1211	34.95
2001	1211	1212	35.01
2001	1212	1213	34.75
2001	1213	1214	34.81
2001	1214	1215	34.80
2001	1217	1218	35.00
2001	1218	1219	35.79
2001	1219	1220	35.00
2001	1220	1221	34.90
2001	1221	1222	33.60
2001	1224	1225	34.16
2001	1226	1227	33.93
2001	1227	1228	34.00
2001	1228	1229	34.22
2001	1231	1232	33.80
2002	102	103	32.80
2002	103	104	31.60
2002	104	105	31.65
2002	107	108	31.77
2002	108	109	31.20
2002	109	110	31.94
2002	110	111	32.04
2002	111	112	33.02
2002	114	115	32.66
2002	115	116	32.61
2002	116	117	31.68
2002	117	118	32.09
2002	118	119	32.15
2002	122	123	32.20
2002	123	124	32.40
2002	124	125	32.75
2002	125	126	33.00
2002	128	129	33.50
2002	129	130	33.08
2002	130	131	33.18
2002	131	132	33.30
2002	201	202	32.00
2002	204	205	31.45
2002	205	206	30.78
2002	206	207	31.00
2002	207	208	31.01
2002	208	209	31.16
2002	211	212	31.33
2002	212	213	31.38
2002	213	214	31.37
2002	214	215	31.08
2002	215	216	30.84
2002	219	220	30.90
2002	220	221	30.74
2002	221	222	30.79
2002	222	223	30.80
2002	225	226	30.41
2002	226	227	31.02
2002	227	228	31.16
2002	228	229	30.96
2002	301	302	30.78
2002	304	305	31.50
2002	305	306	31.43
2002	306	307	31.51
2002	307	308	31.38
2002	308	309	31.42
2002	311	312	31.39
2002	312	313	31.46
2002	313	314	32.10
2002	314	315	31.52
2002	315	316	31.00
2002	318	319	31.07
2002	319	320	31.21
2002	320	321	31.80
2002	321	322	31.55
2002	322	323	31.66
2002	325	326	31.60
2002	326	327	31.40
2002	327	328	31.40
2002	328	329	31.59
2002	401	402	31.30
2002	402	403	31.40
2002	403	404	31.46
2002	404	405	32.76
2002	405	406	33.00
2002	408	409	32.77
2002	409	410	33.41
2002	410	411	33.72
2002	411	412	33.35
2002	412	413	32.82
2002	415	416	32.60
2002	416	417	32.88
2002	417	418	32.68
2002	418	419	32.55
2002	419	420	32.65
2002	422	423	31.41
2002	423	424	31.50
2002	424	425	31.70
2002	425	426	31.54
2002	426	427	31.22
2002	429	430	30.80
2002	430	431	30.80
2002	501	502	30.87
2002	502	503	31.23
2002	503	504	30.06
2002	506	507	29.90
2002	507	508	29.95
2002	508	509	29.97
2002	509	510	29.80
2002	510	511	29.86
2002	513	514	30.00
2002	514	515	30.27
2002	515	516	30.54
2002	516	517	31.00
2002	517	518	30.84
2002	520	521	30.85
2002	521	522	29.95
2002	522	523	29.53
2002	523	524	28.77
2002	524	525	28.75
2002	528	529	27.79
2002	529	530	26.08
2002	530	531	26.59
2002	531	532	26.60
2002	603	604	26.28
2002	604	605	26.31
2002	605	606	26.60
2002	606	607	25.80
2002	607	608	26.31
2002	610	611	27.20
2002	611	612	26.85
2002	612	613	25.55
2002	613	614	23.80
2002	614	615	24.28
2002	617	618	24.75
2002	618	619	24.66
2002	619	620	23.84
2002	620	621	22.01
2002	621	622	20.02
2002	624	625	18.35
2002	625	626	18.99
2002	626	627	17.79
2002	627	628	17.98
2002	628	629	17.80
2002	701	702	17.90
2002	702	703	17.25
2002	703	704	17.12
2002	705	706	17.69
2002	708	709	18.79
2002	709	710	17.85
2002	710	711	17.43
2002	711	712	17.43
2002	712	713	17.57
2002	715	716	16.99
2002	716	717	16.12
2002	717	718	15.05
2002	718	719	16.20
2002	719	720	15.87
2002	722	723	15.83
2002	723	724	14.50
2002	724	725	14.09
2002	725	726	13.80
2002	726	727	13.80
2002	729	730	14.70
2002	730	731	14.21
2002	731	732	15.20
2002	801	802	15.90
2002	802	803	16.06
2002	805	806	15.80
2002	806	807	15.75
2002	807	808	15.95
2002	808	809	17.34
2002	809	810	16.80
2002	812	813	16.51
2002	813	814	15.81
2002	814	815	17.01
2002	815	816	16.74
2002	816	817	16.78
2002	819	820	16.41
2002	820	821	16.19
2002	821	822	16.08
2002	822	823	16.15
2002	823	824	17.19
2002	826	827	17.90
2002	827	828	18.30
2002	828	829	18.03
2002	829	830	18.25
2002	830	831	18.37
2002	903	904	18.24
2002	904	905	18.07
2002	905	906	17.00
2002	906	907	17.16
2002	909	910	17.09
2002	910	911	17.00
2002	911	912	17.16
2002	912	913	16.67
2002	913	914	16.30
2002	916	917	16.75
2002	917	918	16.26
2002	918	919	16.02
2002	919	920	15.66
2002	920	921	15.86
2002	923	924	15.54
2002	924	925	15.00
2002	925	926	15.45
2002	926	927	15.16
2002	927	928	14.41
2002	930	931	15.29
2002	1001	1002	15.16
2002	1002	1003	14.80
2002	1003	1004	14.75
2002	1004	1005	14.48
2002	1007	1008	14.65
2002	1008	1009	15.09
2002	1009	1010	14.77
2002	1010	1011	15.55
2002	1011	1012	16.47
2002	1014	1015	16.74
2002	1015	1016	17.03
2002	1016	1017	16.49
2002	1017	1018	16.17
2002	1018	1019	16.34
2002	1021	1022	16.39
2002	1022	1023	15.80
2002	1023	1024	15.51
2002	1024	1025	15.73
2002	1025	1026	16.58
2002	1028	1029	16.76
2002	1029	1030	17.00
2002	1030	1031	16.87
2002	1031	1032	16.53
2002	1101	1102	16.85
2002	1104	1105	17.15
2002	1105	1106	17.33
2002	1106	1107	17.93
2002	1107	1108	17.37
2002	1108	1109	16.80
2002	1111	1112	16.00
2002	1112	1113	16.21
2002	1113	1114	16.83
2002	1114	1115	17.01
2002	1115	1116	16.53
2002	1118	1119	16.55
2002	1119	1120	16.35
2002	1120	1121	16.26
2002	1121	1122	16.49
2002	1122	1123	15.80
2002	1125	1126	16.00
2002	1126	1127	16.11
2002	1127	1128	17.52
2002	1129	1130	17.59
2002	1202	1203	17.72
2002	1203	1204	17.58
2002	1204	1205	18.41
2002	1205	1206	18.41
2002	1206	1207	18.66
2002	1209	1210	18.56
2002	1210	1211	18.25
2002	1211	1212	18.73
2002	1212	1213	19.03
2002	1213	1214	18.96
2002	1216	1217	19.35
2002	1217	1218	20.21
2002	1218	1219	19.02
2002	1219	1220	18.48
2002	1220	1221	18.80
2002	1223	1224	18.92
2002	1224	1225	18.92
2002	1226	1227	19.16
2002	1227	1228	18.98
2002	1230	1231	18.80
2002	1231	1232	19.25
2003	102	103	19.35
2003	103	104	19.28
2003	106	107	19.77
2003	107	108	19.50
2003	108	109	19.20
2003	109	110	19.00
2003	110	111	19.04
2003	113	114	19.00
2003	114	115	18.61
2003	115	116	18.29
2003	116	117	18.49
2003	117	118	18.30
2003	121	122	17.67
2003	122	123	17.49
2003	123	124	17.55
2003	124	125	17.50
2003	127	128	17.37
2003	128	129	17.26
2003	129	130	17.14
2003	130	131	17.01
2003	131	132	17.65
2003	203	204	18.10
2003	204	205	17.65
2003	205	206	17.00
2003	206	207	16.30
2003	207	208	16.01
2003	210	211	16.63
2003	211	212	16.36
2003	212	213	16.00
2003	213	214	16.60
2003	214	215	16.18
2003	218	219	16.61
2003	219	220	17.06
2003	220	221	16.82
2003	221	222	17.07
2003	224	225	16.82
2003	225	226	16.75
2003	226	227	16.61
2003	227	228	16.43
2003	228	229	16.42
2003	303	304	16.21
2003	304	305	15.70
2003	305	306	15.83
2003	306	307	15.50
2003	307	308	15.88
2003	310	311	15.62
2003	311	312	15.63
2003	312	313	15.70
2003	313	314	16.58
2003	314	315	14.07
2003	317	318	14.55
2003	318	319	15.72
2003	319	320	15.60
2003	320	321	15.58
2003	321	322	16.30
2003	324	325	15.86
2003	325	326	15.86
2003	326	327	16.27
2003	327	328	16.20
2003	328	329	16.04
2003	331	332	16.40
2003	401	402	16.00
2003	402	403	15.90
2003	403	404	16.00
2003	404	405	16.18
2003	407	408	16.10
2003	408	409	16.20
2003	409	410	15.80
2003	410	411	16.07
2003	411	412	16.10
2003	414	415	15.98
2003	415	416	16.00
2003	416	417	15.74
2003	417	418	15.96
2003	421	422	15.80
2003	422	423	16.00
2003	423	424	16.02
2003	424	425	16.20
2003	425	426	15.95
2003	428	429	16.18
2003	429	430	16.65
2003	430	431	17.40
2003	501	502	18.40
2003	502	503	18.40
2003	505	506	18.18
2003	506	507	18.71
2003	507	508	18.53
2003	508	509	18.40
2003	509	510	18.40
2003	512	513	18.50
2003	513	514	18.93
2003	514	515	18.97
2003	515	516	19.08
2003	516	517	19.53
2003	519	520	19.12
2003	520	521	19.24
2003	521	522	19.50
2003	522	523	20.36
2003	523	524	20.58
2003	527	528	20.49
2003	528	529	20.98
2003	529	530	20.58
2003	530	531	20.05
2003	602	603	19.98
2003	603	604	20.10
2003	604	605	20.70
2003	605	606	21.01
2003	606	607	20.90
2003	609	610	20.32
2003	610	611	20.92
2003	611	612	21.15
2003	612	613	21.05
2003	613	614	21.18
2003	616	617	21.55
2003	617	618	22.36
2003	618	619	22.40
2003	619	620	21.80
2003	620	621	21.95
2003	623	624	21.49
2003	624	625	21.26
2003	625	626	21.44
2003	626	627	21.84
2003	627	628	21.93
2003	630	631	21.64
2003	701	702	21.48
2003	702	703	22.01
2003	703	704	21.98
2003	707	708	22.32
2003	708	709	22.40
2003	709	710	22.31
2003	710	711	22.05
2003	711	712	22.10
2003	714	715	22.25
2003	715	716	22.25
2003	716	717	22.00
2003	717	718	21.89
2003	718	719	21.91
2003	721	722	21.92
2003	722	723	21.93
2003	723	724	22.09
2003	724	725	22.59
2003	725	726	23.27
2003	728	729	23.07
2003	729	730	22.71
2003	730	731	22.45
2003	731	732	23.00
2003	801	802	22.15
2003	804	805	21.68
2003	805	806	21.45
2003	806	807	21.15
2003	807	808	21.02
2003	808	809	21.34
2003	811	812	21.49
2003	812	813	21.89
2003	813	814	22.00
2003	814	815	22.45
2003	815	816	22.21
2003	818	819	22.35
2003	819	820	22.80
2003	820	821	22.69
2003	821	822	24.12
2003	822	823	24.04
2003	825	826	24.31
2003	826	827	24.36
2003	827	828	24.91
2003	828	829	25.45
2003	829	830	25.71
2003	902	903	25.99
2003	903	904	26.05
2003	904	905	25.88
2003	905	906	25.35
2003	908	909	25.17
2003	909	910	25.25
2003	910	911	25.01
2003	911	912	25.05
2003	912	913	24.75
2003	915	916	24.85
2003	916	917	24.73
2003	917	918	24.62
2003	918	919	25.58
2003	919	920	25.25
2003	922	923	24.36
2003	923	924	24.74
2003	924	925	24.40
2003	925	926	24.03
2003	926	927	24.10
2003	929	930	24.54
2003	930	931	23.94
2003	1001	1002	24.40
2003	1002	1003	24.55
2003	1003	1004	24.83
2003	1006	1007	24.76
2003	1007	1008	24.68
2003	1008	1009	24.70
2003	1009	1010	25.03
2003	1010	1011	25.21
2003	1013	1014	25.35
2003	1014	1015	26.01
2003	1015	1016	24.78
2003	1016	1017	25.08
2003	1017	1018	24.14
2003	1020	1021	24.00
2003	1021	1022	23.53
2003	1022	1023	23.24
2003	1023	1024	23.74
2003	1024	1025	23.96
2003	1027	1028	24.30
2003	1028	1029	24.75
2003	1029	1030	24.75
2003	1030	1031	24.81
2003	1031	1032	25.05
2003	1103	1104	25.34
2003	1104	1105	25.17
2003	1105	1106	25.32
2003	1106	1107	25.16
2003	1107	1108	25.38
2003	1110	1111	24.92
2003	1111	1112	25.09
2003	1112	1113	25.65
2003	1113	1114	25.90
2003	1114	1115	25.70
2003	1117	1118	25.74
2003	1118	1119	26.31
2003	1119	1120	26.95
2003	1120	1121	26.62
2003	1121	1122	26.46
2003	1124	1125	27.00
2003	1125	1126	27.50
2003	1126	1127	27.24
2003	1128	1129	27.12
2003	1201	1202	28.32
2003	1202	1203	28.00
2003	1203	1204	27.65
2003	1204	1205	27.87
2003	1205	1206	27.45
2003	1208	1209	27.87
2003	1209	1210	27.59
2003	1210	1211	27.27
2003	1211	1212	27.48
2003	1212	1213	27.99
2003	1215	1216	27.42
2003	1216	1217	27.48
2003	1217	1218	26.65
2003	1218	1219	26.65
2003	1219	1220	26.44
2003	1222	1223	27.44
2003	1223	1224	28.18
2003	1224	1225	27.86
2003	1226	1227	28.11
2003	1229	1230	28.54
2003	1230	1231	28.56
2003	1231	1232	28.78
2004	102	103	28.72
2004	105	106	29.14
2004	106	107	28.24
2004	107	108	29.20
2004	108	109	29.23
2004	109	110	28.78
2004	112	113	29.02
2004	113	114	29.00
2004	114	115	29.07
2004	115	116	29.03
2004	116	117	29.15
2004	120	121	29.00
2004	121	122	29.06
2004	122	123	29.29
2004	123	124	29.15
2004	126	127	29.50
2004	127	128	30.36
2004	128	129	30.12
2004	129	130	30.30
2004	130	131	30.59
2004	202	203	30.72
2004	203	204	30.37
2004	204	205	29.95
2004	205	206	30.31
2004	206	207	32.29
2004	209	210	31.80
2004	210	211	31.63
2004	211	212	31.95
2004	212	213	31.61
2004	213	214	31.25
2004	217	218	31.74
2004	218	219	31.61
2004	219	220	31.84
2004	220	221	31.91
2004	223	224	31.78
2004	224	225	32.03
2004	225	226	32.55
2004	226	227	32.51
2004	227	228	33.04
2004	301	302	33.48
2004	302	303	33.82
2004	303	304	33.28
2004	304	305	33.93
2004	305	306	34.35
2004	308	309	34.48
2004	309	310	34.66
2004	310	311	35.71
2004	311	312	35.01
2004	312	313	34.59
2004	315	316	34.16
2004	316	317	34.44
2004	317	318	35.11
2004	318	319	34.68
2004	319	320	34.25
2004	322	323	33.77
2004	323	324	33.96
2004	324	325	34.13
2004	325	326	34.49
2004	326	327	34.43
2004	329	330	35.02
2004	330	331	36.14
2004	331	332	36.67
2004	401	402	36.60
2004	402	403	36.50
2004	405	406	36.83
2004	406	407	36.81
2004	407	408	36.60
2004	408	409	36.60
2004	412	413	36.69
2004	413	414	36.16
2004	414	415	36.01
2004	415	416	35.99
2004	416	417	36.17
2004	419	420	36.18
2004	420	421	35.12
2004	421	422	35.20
2004	422	423	36.16
2004	423	424	36.45
2004	426	427	36.25
2004	427	428	36.83
2004	428	429	36.00
2004	429	430	34.86
2004	430	431	34.59
2004	503	504	34.24
2004	504	505	34.61
2004	505	506	34.41
2004	506	507	33.71
2004	507	508	32.99
2004	510	511	31.98
2004	511	512	32.58
2004	512	513	32.04
2004	513	514	33.02
2004	514	515	32.92
2004	517	518	33.01
2004	518	519	33.17
2004	519	520	33.72
2004	520	521	33.20
2004	521	522	33.08
2004	524	525	32.97
2004	525	526	33.61
2004	526	527	34.00
2004	527	528	34.39
2004	528	529	34.50
2004	601	602	34.42
2004	602	603	34.90
2004	603	604	34.90
2004	604	605	35.10
2004	607	608	35.38
2004	608	609	35.48
2004	609	610	34.97
2004	610	611	34.41
2004	614	615	34.31
2004	615	616	34.88
2004	616	617	34.90
2004	617	618	35.15
2004	618	619	35.42
2004	621	622	35.69
2004	622	623	35.59
2004	623	624	35.75
2004	624	625	35.23
2004	625	626	35.48
2004	628	629	36.28
2004	629	630	37.20
2004	630	631	38.50
2004	701	702	36.68
2004	702	703	36.99
2004	706	707	36.99
2004	707	708	36.91
2004	708	709	36.68
2004	709	710	36.89
2004	712	713	36.42
2004	713	714	36.30
2004	714	715	36.27
2004	715	716	36.44
2004	716	717	36.58
2004	719	720	36.58
2004	720	721	37.29
2004	721	722	37.22
2004	722	723	37.01
2004	723	724	36.55
2004	726	727	35.97
2004	727	728	36.20
2004	728	729	36.58
2004	729	730	36.65
2004	730	731	36.26
2004	802	803	35.97
2004	803	804	35.85
2004	804	805	35.85
2004	805	806	35.85
2004	806	807	35.31
2004	809	810	35.38
2004	810	811	36.00
2004	811	812	36.37
2004	812	813	35.68
2004	813	814	35.68
2004	816	817	36.16
2004	817	818	36.10
2004	818	819	36.46
2004	819	820	36.25
2004	820	821	36.32
2004	823	824	36.22
2004	824	825	36.52
2004	825	826	36.79
2004	826	827	36.50
2004	827	828	36.67
2004	830	831	36.65
2004	831	832	36.60
2004	901	902	36.80
2004	902	903	37.21
2004	903	904	37.31
2004	907	908	37.46
2004	908	909	36.88
2004	909	910	36.90
2004	910	911	36.63
2004	913	914	36.55
2004	914	915	36.10
2004	915	916	35.43
2004	916	917	35.22
2004	917	918	35.42
2004	920	921	35.65
2004	921	922	35.52
2004	922	923	35.20
2004	923	924	34.73
2004	924	925	34.60
2004	927	928	34.81
2004	928	929	35.93
2004	929	930	35.30
2004	930	931	36.42
2004	1001	1002	36.53
2004	1004	1005	36.41
2004	1005	1006	36.74
2004	1006	1007	36.84
2004	1007	1008	37.83
2004	1008	1009	37.92
2004	1011	1012	38.44
2004	1012	1013	38.97
2004	1013	1014	38.97
2004	1014	1015	38.23
2004	1015	1016	38.38
2004	1018	1019	39.07
2004	1019	1020	38.50
2004	1020	1021	38.80
2004	1021	1022	39.05
2004	1022	1023	39.07
2004	1025	1026	39.22
2004	1026	1027	40.42
2004	1027	1028	41.79
2004	1028	1029	41.58
2004	1029	1030	42.75
2004	1101	1102	42.25
2004	1102	1103	41.81
2004	1103	1104	42.14
2004	1104	1105	42.60
2004	1105	1106	42.70
2004	1108	1109	42.28
2004	1109	1110	42.46
2004	1110	1111	42.73
2004	1111	1112	44.12
2004	1112	1113	44.61
2004	1115	1116	44.50
2004	1116	1117	44.62
2004	1117	1118	45.04
2004	1118	1119	45.23
2004	1119	1120	44.80
2004	1122	1123	44.81
2004	1123	1124	45.00
2004	1124	1125	45.40
2004	1126	1127	45.61
2004	1129	1130	45.94
2004	1130	1131	46.02
2004	1201	1202	46.40
2004	1202	1203	46.65
2004	1203	1204	47.16
2004	1206	1207	47.95
2004	1207	1208	48.20
2004	1208	1209	48.09
2004	1209	1210	49.90
2004	1210	1211	49.85
2004	1213	1214	51.00
2004	1214	1215	50.85
2004	1215	1216	51.20
2004	1216	1217	51.01
2004	1217	1218	51.44
2004	1220	1221	52.49
2004	1221	1222	53.50
2004	1222	1223	54.10
2004	1223	1224	54.74
2004	1227	1228	55.19
2004	1228	1229	56.12
2004	1229	1230	56.07
2004	1230	1231	56.20
2004	1231	1232	55.55
2005	103	104	54.75
2005	104	105	52.51
2005	105	106	51.00
2005	106	107	53.30
2005	107	108	53.32
2005	110	111	54.47
2005	111	112	54.47
2005	112	113	55.07
2005	113	114	54.80
2005	114	115	55.40
2005	118	119	57.65
2005	119	120	58.41
2005	120	121	58.40
2005	121	122	57.72
2005	124	125	54.10
2005	125	126	51.00
2005	126	127	51.32
2005	127	128	51.42
2005	128	129	52.20
2005	131	132	54.13
2005	201	202	54.61
2005	202	203	55.35
2005	203	204	55.65
2005	204	205	57.41
2005	207	208	56.88
2005	208	209	55.69
2005	209	210	55.30
2005	210	211	55.95
2005	211	212	56.89
2005	214	215	57.53
2005	215	216	56.84
2005	216	217	56.48
2005	217	218	55.90
2005	218	219	55.77
2005	222	223	55.99
2005	223	224	56.75
2005	224	225	57.60
2005	225	226	59.16
2005	228	229	58.78
2005	301	302	57.80
2005	302	303	58.48
2005	303	304	59.02
2005	304	305	61.63
2005	307	308	62.17
2005	308	309	61.23
2005	309	310	61.50
2005	310	311	60.38
2005	311	312	60.89
2005	314	315	60.85
2005	315	316	59.44
2005	316	317	59.02
2005	317	318	60.91
2005	318	319	60.38
2005	321	322	59.65
2005	322	323	59.49
2005	323	324	59.32
2005	324	325	59.21
2005	328	329	60.10
2005	329	330	60.94
2005	330	331	63.60
2005	331	332	64.50
2005	401	402	64.66
2005	404	405	61.73
2005	405	406	61.15
2005	406	407	61.75
2005	407	408	62.37
2005	408	409	61.45
2005	411	412	62.57
2005	412	413	63.41
2005	413	414	61.28
2005	414	415	58.11
2005	415	416	56.28
2005	418	419	58.43
2005	419	420	59.50
2005	420	421	58.18
2005	421	422	59.33
2005	422	423	58.58
2005	425	426	59.13
2005	426	427	58.83
2005	427	428	58.58
2005	428	429	57.92
2005	429	430	58.62
2005	502	503	59.39
2005	503	504	59.00
2005	504	505	59.48
2005	505	506	59.39
2005	506	507	60.64
2005	509	510	61.38
2005	510	511	61.92
2005	511	512	61.84
2005	512	513	60.96
2005	513	514	59.96
2005	516	517	57.81
2005	517	518	57.80
2005	518	519	59.10
2005	519	520	58.20
2005	520	521	58.00
2005	523	524	58.00
2005	524	525	57.84
2005	525	526	56.45
2005	526	527	57.98
2005	527	528	58.32
2005	531	532	57.00
2005	601	602	58.23
2005	602	603	59.21
2005	603	604	58.92
2005	606	607	58.80
2005	607	608	61.63
2005	608	609	61.86
2005	609	610	63.13
2005	610	611	63.76
2005	613	614	65.00
2005	614	615	64.90
2005	615	616	66.23
2005	616	617	66.15
2005	617	618	67.60
2005	620	621	65.11
2005	621	622	66.50
2005	622	623	67.84
2005	623	624	66.53
2005	624	625	66.14
2005	627	628	65.96
2005	628	629	67.84
2005	629	630	63.00
2005	630	631	62.87
2005	701	702	62.38
2005	705	706	61.08
2005	706	707	61.03
2005	707	708	61.20
2005	708	709	62.85
2005	711	712	63.38
2005	712	713	64.15
2005	713	714	63.67
2005	714	715	63.27
2005	715	716	63.20
2005	718	719	63.35
2005	719	720	65.11
2005	720	721	66.80
2005	721	722	66.19
2005	722	723	66.64
2005	725	726	64.75
2005	726	727	63.61
2005	727	728	64.92
2005	728	729	66.93
2005	729	730	67.37
2005	801	802	65.79
2005	802	803	65.35
2005	803	804	66.88
2005	804	805	66.54
2005	805	806	67.29
2005	808	809	66.41
2005	809	810	65.99
2005	810	811	65.13
2005	811	812	65.18
2005	812	813	64.91
2005	815	816	64.80
2005	816	817	63.72
2005	817	818	63.99
2005	818	819	63.89
2005	819	820	64.97
2005	822	823	64.79
2005	823	824	63.41
2005	824	825	62.45
2005	825	826	63.14
2005	826	827	63.92
2005	829	830	63.70
2005	830	831	62.82
2005	831	832	63.84
2005	901	902	63.22
2005	902	903	63.00
2005	906	907	64.12
2005	907	908	66.21
2005	908	909	65.94
2005	909	910	65.98
2005	912	913	65.11
2005	913	914	64.21
2005	914	915	64.04
2005	915	916	63.63
2005	916	917	63.53
2005	919	920	62.41
2005	920	921	61.21
2005	921	922	59.80
2005	922	923	59.39
2005	923	924	59.99
2005	926	927	57.08
2005	927	928	60.07
2005	928	929	59.65
2005	929	930	61.38
2005	930	931	62.75
2005	1003	1004	62.24
2005	1004	1005	60.64
2005	1005	1006	58.24
2005	1006	1007	58.29
2005	1007	1008	58.37
2005	1010	1011	56.90
2005	1011	1012	56.89
2005	1012	1013	57.28
2005	1013	1014	61.00
2005	1014	1015	60.02
2005	1017	1018	59.33
2005	1018	1019	57.71
2005	1019	1020	59.65
2005	1020	1021	59.00
2005	1021	1022	59.13
2005	1024	1025	60.08
2005	1025	1026	59.19
2005	1026	1027	58.41
2005	1027	1028	58.19
2005	1028	1029	60.55
2005	1031	1032	63.01
2005	1101	1102	63.56
2005	1102	1103	64.58
2005	1103	1104	63.20
2005	1104	1105	63.44
2005	1107	1108	64.18
2005	1108	1109	63.12
2005	1109	1110	64.01
2005	1110	1111	66.26
2005	1111	1112	69.82
2005	1114	1115	71.90
2005	1115	1116	72.83
2005	1116	1117	72.00
2005	1117	1118	73.64
2005	1118	1119	73.47
2005	1121	1122	73.30
2005	1122	1123	73.90
2005	1123	1124	73.30
2005	1125	1126	73.80
2005	1128	1129	73.24
2005	1129	1130	73.70
2005	1130	1131	73.27
2005	1201	1202	74.31
2005	1202	1203	75.35
2005	1205	1206	78.07
2005	1206	1207	77.39
2005	1207	1208	77.57
2005	1208	1209	77.18
2005	1209	1210	77.26
2005	1212	1213	77.05
2005	1213	1214	76.79
2005	1214	1215	75.63
2005	1215	1216	77.01
2005	1216	1217	75.61
2005	1219	1220	75.57
2005	1220	1221	75.37
2005	1221	1222	76.30
2005	1222	1223	77.86
2005	1223	1224	78.08
2005	1227	1228	77.25
2005	1228	1229	77.16
2005	1229	1230	77.40
2005	1230	1231	77.53
2006	103	104	80.02
2006	104	105	80.07
2006	105	106	80.01
2006	106	107	81.55
2006	109	110	81.49
2006	110	111	80.30
2006	111	112	79.50
2006	112	113	78.61
2006	113	114	79.30
2006	117	118	80.35
2006	118	119	79.24
2006	119	120	80.71
2006	120	121	80.00
2006	123	124	80.66
2006	124	125	81.32
2006	125	126	80.40
2006	126	127	80.70
2006	127	128	82.54
2006	130	131	85.46
2006	131	132	84.61
2006	201	202	85.52
2006	202	203	84.41
2006	203	204	83.99
2006	206	207	83.41
2006	207	208	80.71
2006	208	209	81.30
2006	209	210	81.55
2006	210	211	82.14
2006	213	214	80.85
2006	214	215	82.52
2006	215	216	81.95
2006	216	217	83.24
2006	217	218	83.47
2006	221	222	82.70
2006	222	223	84.73
2006	223	224	85.93
2006	224	225	84.64
2006	227	228	85.19
2006	228	229	83.88
2006	301	302	85.02
2006	302	303	85.48
2006	303	304	87.31
2006	306	307	87.97
2006	307	308	86.10
2006	308	309	82.67
2006	309	310	82.54
2006	310	311	83.92
2006	313	314	83.99
2006	314	315	85.32
2006	315	316	84.22
2006	316	317	85.71
2006	317	318	85.00
2006	320	321	84.57
2006	321	322	82.23
2006	322	323	82.26
2006	323	324	81.52
2006	324	325	80.71
2006	327	328	80.56
2006	328	329	83.45
2006	329	330	84.65
2006	330	331	84.44
2006	331	332	84.75
2006	403	404	86.65
2006	404	405	86.08
2006	405	406	85.41
2006	406	407	86.00
2006	407	408	86.24
2006	410	411	85.62
2006	411	412	82.52
2006	412	413	82.62
2006	413	414	83.33
2006	417	418	82.54
2006	418	419	85.90
2006	419	420	86.44
2006	420	421	85.91
2006	421	422	88.49
2006	424	425	87.16
2006	425	426	86.52
2006	426	427	85.30
2006	427	428	84.65
2006	428	429	83.40
2006	501	502	82.82
2006	502	503	86.09
2006	503	504	86.98
2006	504	505	87.35
2006	505	506	88.48
2006	508	509	88.24
2006	509	510	88.60
2006	510	511	88.16
2006	511	512	85.63
2006	512	513	83.28
2006	515	516	83.87
2006	516	517	85.51
2006	517	518	83.25
2006	518	519	83.25
2006	519	520	83.26
2006	522	523	80.64
2006	523	524	81.70
2006	524	525	81.53
2006	525	526	83.15
2006	526	527	83.89
2006	530	531	82.18
2006	531	532	84.16
2006	601	602	84.77
2006	602	603	84.90
2006	605	606	82.27
2006	606	607	83.35
2006	607	608	80.88
2006	608	609	80.21
2006	609	610	78.80
2006	612	613	77.17
2006	613	614	76.66
2006	614	615	76.98
2006	615	616	78.73
2006	616	617	77.91
2006	619	620	76.24
2006	620	621	76.09
2006	621	622	77.41
2006	622	623	76.76
2006	623	624	77.46
2006	626	627	76.88
2006	627	628	77.27
2006	628	629	76.64
2006	629	630	83.35
2006	630	631	84.19
2006	703	704	85.30
2006	705	706	84.40
2006	706	707	86.26
2006	707	708	84.44
2006	710	711	84.53
2006	711	712	84.00
2006	712	713	84.92
2006	713	714	83.40
2006	714	715	83.31
2006	717	718	82.90
2006	718	719	84.56
2006	719	720	86.98
2006	720	721	84.35
2006	721	722	82.03
2006	724	725	84.10
2006	725	726	86.73
2006	726	727	85.31
2006	727	728	85.50
2006	728	729	87.04
2006	731	732	42.99
2006	801	802	43.15
2006	802	803	44.19
2006	803	804	45.48
2006	804	805	45.43
2006	807	808	45.60
2006	808	809	45.06
2006	809	810	45.03
2006	810	811	45.40
2006	811	812	45.01
2006	814	815	45.17
2006	815	816	45.56
2006	816	817	46.64
2006	817	818	47.22
2006	818	819	47.06
2006	821	822	47.09
2006	822	823	47.10
2006	823	824	47.22
2006	824	825	46.58
2006	825	826	46.98
2006	828	829	46.89
2006	829	830	46.89
2006	830	831	47.05
2006	831	832	47.44
2006	901	902	48.24
2006	905	906	47.63
2006	906	907	47.77
2006	907	908	46.89
2006	908	909	46.93
2006	911	912	45.71
2006	912	913	45.78
2006	913	914	45.09
2006	914	915	44.70
2006	915	916	44.24
2006	918	919	46.50
2006	919	920	46.49
2006	920	921	46.91
2006	921	922	46.84
2006	922	923	46.96
2006	925	926	46.76
2006	926	927	47.59
2006	927	928	47.25
2006	928	929	47.75
2006	929	930	47.01
2006	1002	1003	46.85
2006	1003	1004	47.75
2006	1004	1005	46.96
2006	1005	1006	47.28
2006	1006	1007	47.19
2006	1009	1010	47.43
2006	1010	1011	46.41
2006	1011	1012	43.95
2006	1012	1013	44.91
2006	1013	1014	45.90
2006	1016	1017	44.96
2006	1017	1018	44.14
2006	1018	1019	44.76
2006	1019	1020	45.16
2006	1020	1021	44.73
2006	1023	1024	43.71
2006	1024	1025	42.99
2006	1025	1026	43.38
2006	1026	1027	44.06
2006	1027	1028	44.28
2006	1030	1031	44.44
2006	1031	1032	44.22
2006	1101	1102	44.09
2006	1102	1103	44.17
2006	1103	1104	44.15
2006	1106	1107	44.34
2006	1107	1108	44.82
2006	1108	1109	45.05
2006	1109	1110	45.68
2006	1110	1111	45.53
2006	1113	1114	46.86
2006	1114	1115	46.83
2006	1115	1116	46.88
2006	1116	1117	47.39
2006	1117	1118	46.80
2006	1120	1121	46.27
2006	1121	1122	47.27
2006	1122	1123	49.33
2006	1124	1125	48.70
2006	1127	1128	47.01
2006	1128	1129	47.19
2006	1129	1130	47.32
2006	1130	1131	48.07
2006	1201	1202	47.72
2006	1204	1205	48.57
2006	1205	1206	48.23
2006	1206	1207	48.02
2006	1207	1208	48.51
2006	1208	1209	48.08
2006	1211	1212	47.80
2006	1212	1213	48.10
2006	1213	1214	48.15
2006	1214	1215	48.53
2006	1215	1216	50.94
2006	1218	1219	50.47
2006	1219	1220	51.18
2006	1220	1221	51.90
2006	1221	1222	51.65
2006	1222	1223	51.37
2006	1226	1227	52.16
2006	1227	1228	52.91
2006	1228	1229	53.08
2006	1229	1230	52.53
2007	103	104	51.68
2007	104	105	50.79
2007	105	106	51.22
2007	108	109	50.55
2007	109	110	50.20
2007	110	111	49.85
2007	111	112	50.00
2007	112	113	51.15
2007	116	117	53.68
2007	117	118	54.22
2007	118	119	54.01
2007	119	120	54.31
2007	122	123	53.31
2007	123	124	54.98
2007	124	125	56.04
2007	125	126	54.84
2007	126	127	55.64
2007	129	130	55.18
2007	130	131	55.01
2007	131	132	55.09
2007	201	202	54.84
2007	202	203	55.55
2007	205	206	54.30
2007	206	207	54.61
2007	207	208	54.62
2007	208	209	54.22
2007	209	210	54.22
2007	212	213	53.76
2007	213	214	54.45
2007	214	215	55.75
2007	215	216	55.61
2007	216	217	55.65
2007	220	221	55.83
2007	221	222	56.27
2007	222	223	56.48
2007	223	224	55.74
2007	226	227	54.79
2007	227	228	52.45
2007	228	229	52.71
2007	301	302	52.37
2007	302	303	50.92
2007	305	306	50.80
2007	306	307	52.66
2007	307	308	52.99
2007	308	309	54.01
2007	309	310	54.03
2007	312	313	54.66
2007	313	314	52.48
2007	314	315	52.91
2007	315	316	52.77
2007	316	317	51.55
2007	319	320	53.22
2007	320	321	53.26
2007	321	322	55.00
2007	322	323	54.51
2007	323	324	54.83
2007	326	327	55.61
2007	327	328	54.45
2007	328	329	54.28
2007	329	330	54.87
2007	330	331	54.96
2007	402	403	55.01
2007	403	404	56.00
2007	404	405	57.79
2007	405	406	57.55
2007	409	410	58.29
2007	410	411	57.54
2007	411	412	57.18
2007	412	413	58.17
2007	413	414	58.38
2007	416	417	58.86
2007	417	418	58.76
2007	418	419	58.31
2007	419	420	58.20
2007	420	421	59.22
2007	423	424	59.00
2007	424	425	58.94
2007	425	426	60.09
2007	426	427	59.97
2007	427	428	60.30
2007	430	431	58.99
2007	501	502	57.74
2007	502	503	58.63
2007	503	504	59.50
2007	504	505	59.47
2007	507	508	59.71
2007	508	509	58.89
2007	509	510	59.09
2007	510	511	57.87
2007	511	512	58.55
2007	514	515	58.30
2007	515	516	61.01
2007	516	517	61.76
2007	517	518	62.39
2007	518	519	61.83
2007	521	522	61.83
2007	522	523	60.97
2007	523	524	60.49
2007	524	525	59.82
2007	525	526	60.52
2007	529	530	60.48
2007	530	531	61.67
2007	531	532	61.60
2007	601	602	62.23
2007	604	605	61.57
2007	605	606	62.05
2007	606	607	60.70
2007	607	608	59.18
2007	608	609	60.44
2007	611	612	60.87
2007	612	613	60.13
2007	613	614	62.29
2007	614	615	63.31
2007	615	616	64.86
2007	618	619	65.99
2007	619	620	67.44
2007	620	621	65.99
2007	621	622	67.17
2007	622	623	67.55
2007	625	626	67.24
2007	626	627	67.21
2007	627	628	66.00
2007	628	629	66.68
2007	629	630	67.54
2007	702	703	68.59
2007	703	704	67.38
2007	705	706	66.41
2007	706	707	66.84
2007	709	710	67.13
2007	710	711	65.53
2007	711	712	65.96
2007	712	713	68.45
2007	713	714	70.06
2007	716	717	69.79
2007	717	718	69.38
2007	718	719	69.62
2007	719	720	69.66
2007	720	721	69.04
2007	723	724	69.73
2007	724	725	68.46
2007	725	726	66.50
2007	726	727	64.78
2007	727	728	63.45
2007	730	731	65.04
2007	731	732	64.45
2007	801	802	65.17
2007	802	803	64.98
2007	803	804	64.08
2007	806	807	63.91
2007	807	808	65.68
2007	808	809	69.00
2007	809	810	69.47
2007	810	811	68.26
2007	813	814	67.54
2007	814	815	65.55
2007	815	816	63.47
2007	816	817	62.72
2007	817	818	63.09
2007	820	821	63.78
2007	821	822	64.10
2007	822	823	66.50
2007	823	824	65.59
2007	824	825	67.99
2007	827	828	67.77
2007	828	829	65.46
2007	829	830	67.77
2007	830	831	68.85
2007	831	832	69.74
2007	904	905	71.44
2007	905	906	70.49
2007	906	907	70.74
2007	907	908	69.90
2007	910	911	70.53
2007	911	912	71.71
2007	912	913	71.78
2007	913	914	72.37
2007	914	915	73.50
2007	917	918	75.44
2007	918	919	77.88
2007	919	920	80.38
2007	920	921	79.04
2007	921	922	78.81
2007	924	925	79.14
2007	925	926	80.84
2007	926	927	83.75
2007	927	928	84.54
2007	928	929	85.74
2007	1001	1002	85.72
2007	1002	1003	84.69
2007	1003	1004	84.24
2007	1004	1005	84.76
2007	1005	1006	86.93
2007	1008	1009	87.77
2007	1009	1010	89.52
2007	1010	1011	88.78
2007	1011	1012	90.79
2007	1012	1013	93.54
2007	1015	1016	91.35
2007	1016	1017	90.94
2007	1017	1018	88.48
2007	1018	1019	90.70
2007	1019	1020	88.23
2007	1022	1023	87.14
2007	1023	1024	89.83
2007	1024	1025	89.73
2007	1025	1026	92.46
2007	1026	1027	94.28
2007	1029	1030	95.54
2007	1030	1031	93.00
2007	1031	1032	97.63
2007	1101	1102	93.81
2007	1102	1103	94.43
2007	1105	1106	93.39
2007	1106	1107	96.74
2007	1107	1108	94.56
2007	1108	1109	98.29
2007	1109	1110	96.73
2007	1112	1113	89.23
2007	1113	1114	93.70
2007	1114	1115	94.74
2007	1115	1116	92.75
2007	1116	1117	94.28
2007	1119	1120	90.86
2007	1120	1121	92.92
2007	1121	1122	87.73
2007	1123	1124	90.41
2007	1126	1127	89.33
2007	1127	1128	91.94
2007	1128	1129	99.11
2007	1129	1130	98.17
2007	1130	1131	99.37
2007	1203	1204	101.61
2007	1204	1205	101.39
2007	1205	1206	104.81
2007	1206	1207	106.42
2007	1207	1208	106.24
2007	1210	1211	109.36
2007	1211	1212	102.67
2007	1212	1213	103.04
2007	1213	1214	104.99
2007	1214	1215	104.50
2007	1217	1218	101.19
2007	1218	1219	101.01
2007	1219	1220	103.04
2007	1220	1221	108.46
2007	1221	1222	111.31
2007	1224	1225	114.47
2007	1226	1227	115.33
2007	1227	1228	112.40
2007	1228	1229	111.25
2007	1231	1232	111.69
2008	102	103	111.47
2008	103	104	120.92
2008	104	105	119.63
2008	107	108	120.44
2008	108	109	120.02
2008	109	110	119.54
2008	110	111	122.04
2008	111	112	120.63
2008	114	115	127.25
2008	115	116	123.34
2008	116	117	112.70
2008	117	118	99.61
2008	118	119	105.75
2008	122	123	103.69
2008	123	124	104.49
2008	124	125	110.50
2008	125	126	108.13
2008	128	129	110.64
2008	129	130	110.33
2008	130	131	111.56
2008	131	132	111.59
2008	201	202	114.60
2008	204	205	114.27
2008	205	206	107.57
2008	206	207	106.38
2008	207	208	103.93
2008	208	209	109.92
2008	211	212	114.03
2008	212	213	115.05
2008	213	214	114.01
2008	214	215	116.01
2008	215	216	115.35
2008	219	220	117.87
2008	220	221	119.05
2008	221	222	116.43
2008	222	223	116.67
2008	225	226	121.92
2008	226	227	120.76
2008	227	228	119.27
2008	228	229	118.52
2008	229	230	115.68
2008	303	304	118.63
2008	304	305	111.72
2008	305	306	115.25
2008	306	307	114.42
2008	307	308	106.46
2008	310	311	101.21
2008	311	312	108.38
2008	312	313	106.03
2008	313	314	110.01
2008	314	315	108.79
2008	317	318	106.65
2008	318	319	112.08
2008	319	320	98.87
2008	320	321	97.13
2008	324	325	104.26
2008	325	326	114.54
2008	326	327	114.75
2008	327	328	113.42
2008	328	329	114.30
2008	331	332	111.50
2008	401	402	113.13
2008	402	403	112.00
2008	403	404	117.79
2008	404	405	119.30
2008	407	408	119.59
2008	408	409	120.78
2008	409	410	119.89
2008	410	411	120.27
2008	411	412	121.12
2008	414	415	123.50
2008	415	416	122.68
2008	416	417	131.54
2008	417	418	127.34
2008	418	419	129.19
2008	421	422	129.70
2008	422	423	128.58
2008	423	424	125.58
2008	424	425	118.92
2008	425	426	125.48
2008	428	429	121.99
2008	429	430	110.93
2008	430	431	114.02
2008	501	502	113.66
2008	502	503	115.22
2008	505	506	117.91
2008	506	507	119.70
2008	507	508	117.44
2008	508	509	121.14
2008	509	510	119.71
2008	512	513	121.82
2008	513	514	120.39
2008	514	515	122.63
2008	515	516	123.68
2008	516	517	125.11
2008	519	520	122.17
2008	520	521	125.00
2008	521	522	119.90
2008	522	523	121.34
2008	523	524	121.45
2008	527	528	119.07
2008	528	529	125.32
2008	529	530	123.86
2008	530	531	127.40
2008	602	603	128.55
2008	603	604	133.14
2008	604	605	131.60
2008	605	606	138.51
2008	606	607	135.76
2008	609	610	138.45
2008	610	611	136.34
2008	611	612	133.40
2008	612	613	134.93
2008	613	614	137.26
2008	616	617	135.92
2008	617	618	142.69
2008	618	619	141.50
2008	619	620	139.36
2008	620	621	139.95
2008	623	624	142.05
2008	624	625	135.79
2008	625	626	131.52
2008	626	627	127.25
2008	627	628	128.34
2008	630	631	126.44
2008	701	702	125.12
2008	702	703	119.41
2008	703	704	120.21
2008	707	708	118.64
2008	708	709	117.54
2008	709	710	118.69
2008	710	711	120.00
2008	711	712	119.26
2008	714	715	119.29
2008	715	716	116.40
2008	716	717	117.19
2008	717	718	115.57
2008	718	719	111.84
2008	721	722	118.66
2008	722	723	119.78
2008	723	724	111.77
2008	724	725	113.00
2008	725	726	116.09
2008	728	729	114.51
2008	729	730	115.70
2008	730	731	123.65
2008	731	732	119.11
2008	801	802	114.83
2008	804	805	107.02
2008	805	806	106.95
2008	806	807	109.40
2008	807	808	107.32
2008	808	809	107.66
2008	811	812	107.88
2008	812	813	111.48
2008	813	814	117.28
2008	814	815	114.39
2008	815	816	112.46
2008	818	819	113.05
2008	819	820	112.86
2008	820	821	118.08
2008	821	822	119.31
2008	822	823	118.07
2008	825	826	115.82
2008	826	827	116.03
2008	827	828	116.50
2008	828	829	116.84
2008	829	830	114.25
2008	902	903	109.34
2008	903	904	107.90
2008	904	905	103.70
2008	905	906	107.19
2008	908	909	105.62
2008	909	910	99.88
2008	910	911	101.00
2008	911	912	106.24
2008	912	913	111.76
2008	915	916	105.04
2008	916	917	112.97
2008	917	918	107.65
2008	918	919	112.65
2008	919	920	118.41
2008	922	923	116.99
2008	923	924	112.14
2008	924	925	112.48
2008	925	926	109.24
2008	926	927	106.06
2008	929	930	97.15
2008	930	931	98.98
2008	1001	1002	97.84
2008	1002	1003	82.01
2008	1003	1004	83.26
2008	1006	1007	75.48
2008	1007	1008	74.18
2008	1008	1009	81.44
2008	1009	1010	79.34
2008	1010	1011	78.66
2008	1013	1014	93.64
2008	1014	1015	88.68
2008	1015	1016	79.06
2008	1016	1017	78.25
2008	1017	1018	80.00
2008	1020	1021	89.45
2008	1021	1022	85.38
2008	1022	1023	78.40
2008	1023	1024	74.91
2008	1024	1025	71.95
2008	1027	1028	71.09
2008	1028	1029	83.15
2008	1029	1030	87.93
2008	1030	1031	89.22
2008	1031	1032	88.98
2008	1103	1104	87.34
2008	1104	1105	93.74
2008	1105	1106	87.71
2008	1106	1107	85.06
2008	1107	1108	88.12
2008	1110	1111	87.52
2008	1111	1112	83.90
2008	1112	1113	78.62
2008	1113	1114	82.09
2008	1114	1115	74.10
2008	1117	1118	74.41
2008	1118	1119	74.81
2008	1119	1120	70.07
2008	1120	1121	66.26
2008	1121	1122	67.41
2008	1124	1125	70.12
2008	1125	1126	75.03
2008	1126	1127	76.39
2008	1128	1129	79.20
2008	1201	1202	71.15
2008	1202	1203	73.86
2008	1203	1204	76.65
2008	1204	1205	73.41
2008	1205	1206	74.92
2008	1208	1209	79.69
2008	1209	1210	81.73
2008	1210	1211	81.00
2008	1211	1212	73.80
2008	1212	1213	69.73
2008	1215	1216	70.41
2008	1216	1217	75.15
2008	1217	1218	75.81
2008	1218	1219	74.48
2008	1219	1220	71.63
2008	1222	1223	66.29
2008	1223	1224	66.26
2008	1224	1225	67.31
2008	1226	1227	67.72
2008	1229	1230	68.47
2008	1230	1231	69.52
2008	1231	1232	70.35
2009	102	103	73.72
2009	105	106	74.38
2009	106	107	73.46
2009	107	108	86.16
2009	108	109	83.04
2009	109	110	81.14
2009	112	113	78.05
2009	113	114	78.31
2009	114	115	76.31
2009	115	116	78.44
2009	116	117	79.61
2009	120	121	75.85
2009	121	122	78.30
2009	122	123	78.59
2009	123	124	78.91
2009	126	127	79.25
2009	127	128	78.66
2009	128	129	78.56
2009	129	130	78.14
2009	130	131	76.06
2009	202	203	75.85
2009	203	204	76.85
2009	204	205	79.05
2009	205	206	82.33
2009	206	207	83.96
2009	209	210	83.66
2009	210	211	80.85
2009	211	212	80.13
2009	212	213	80.75
2009	213	214	79.41
2009	217	218	76.20
2009	218	219	77.19
2009	219	220	78.87
2009	220	221	79.68
2009	223	224	74.70
2009	224	225	77.40
2009	225	226	76.16
2009	226	227	76.60
2009	227	228	76.27
2009	302	303	71.75
2009	303	304	72.01
2009	304	305	73.78
2009	305	306	72.03
2009	306	307	71.65
2009	309	310	72.93
2009	310	311	77.66
2009	311	312	81.24
2009	312	313	81.69
2009	313	314	79.11
2009	316	317	82.73
2009	317	318	83.07
2009	318	319	84.03
2009	319	320	81.98
2009	320	321	80.35
2009	323	324	84.89
2009	324	325	83.44
2009	325	326	83.10
2009	326	327	87.64
2009	327	328	86.24
2009	330	331	82.76
2009	331	332	83.10
2009	401	402	81.74
2009	402	403	81.41
2009	403	404	81.26
2009	406	407	79.13
2009	407	408	77.83
2009	408	409	80.20
2009	409	410	82.80
2009	413	414	83.07
2009	414	415	81.55
2009	415	416	82.31
2009	416	417	81.22
2009	417	418	81.06
2009	420	421	78.41
2009	421	422	79.50
2009	422	423	79.11
2009	423	424	78.31
2009	424	425	81.12
2009	427	428	81.20
2009	428	429	81.00
2009	429	430	82.75
2009	430	431	84.89
2009	501	502	85.25
2009	504	505	89.00
2009	505	506	89.85
2009	506	507	89.06
2009	507	508	86.04
2009	508	509	86.42
2009	511	512	85.96
2009	512	513	90.08
2009	513	514	90.89
2009	514	515	90.03
2009	515	516	89.95
2009	518	519	90.22
2009	519	520	89.60
2009	520	521	91.83
2009	521	522	89.29
2009	522	523	86.61
2009	526	527	85.25
2009	527	528	79.88
2009	528	529	79.00
2009	529	530	82.15
2009	601	602	81.48
2009	602	603	82.70
2009	603	604	81.50
2009	604	605	82.90
2009	605	606	81.98
2009	608	609	82.79
2009	609	610	85.07
2009	610	611	85.85
2009	611	612	86.85
2009	612	613	86.54
2009	615	616	84.97
2009	616	617	81.62
2009	617	618	81.08
2009	618	619	82.30
2009	619	620	80.73
2009	622	623	78.12
2009	623	624	79.30
2009	624	625	76.16
2009	625	626	75.66
2009	626	627	75.25
2009	629	630	76.20
2009	630	631	74.34
2009	701	702	73.20
2009	702	703	71.96
2009	706	707	73.26
2009	707	708	72.62
2009	708	709	71.68
2009	709	710	72.56
2009	710	711	71.34
2009	713	714	73.55
2009	714	715	74.70
2009	715	716	76.46
2009	716	717	75.74
2009	717	718	75.41
2009	720	721	76.56
2009	721	722	80.08
2009	722	723	79.54
2009	723	724	84.04
2009	724	725	84.16
2009	727	728	83.90
2009	728	729	83.27
2009	729	730	82.79
2009	730	731	84.43
2009	731	732	84.00
2009	803	804	86.22
2009	804	805	84.02
2009	805	806	84.53
2009	806	807	83.88
2009	807	808	83.33
2009	810	811	83.48
2009	811	812	83.71
2009	812	813	82.46
2009	813	814	84.03
2009	814	815	81.24
2009	817	818	80.02
2009	818	819	80.95
2009	819	820	81.79
2009	820	821	82.48
2009	821	822	83.78
2009	824	825	83.71
2009	825	826	83.63
2009	826	827	83.98
2009	827	828	84.62
2009	828	829	83.00
2009	831	832	83.88
2009	901	902	81.94
2009	902	903	81.45
2009	903	904	81.57
2009	904	905	82.24
2009	908	909	83.40
2009	909	910	83.48
2009	910	911	79.30
2009	911	912	78.03
2009	914	915	78.08
2009	915	916	79.79
2009	916	917	79.30
2009	917	918	79.62
2009	918	919	79.92
2009	921	922	78.97
2009	922	923	78.82
2009	923	924	77.42
2009	924	925	76.89
2009	925	926	76.18
2009	928	929	77.01
2009	929	930	77.23
2009	930	931	77.40
2009	1001	1002	75.11
2009	1002	1003	74.93
2009	1005	1006	74.85
2009	1006	1007	75.63
2009	1007	1008	74.33
2009	1008	1009	74.97
2009	1009	1010	75.77
2009	1012	1013	76.28
2009	1013	1014	76.47
2009	1014	1015	77.59
2009	1015	1016	78.33
2009	1016	1017	76.80
2009	1019	1020	76.85
2009	1020	1021	75.49
2009	1021	1022	74.41
2009	1022	1023	75.18
2009	1023	1024	75.23
2009	1026	1027	70.69
2009	1027	1028	71.27
2009	1028	1029	70.58
2009	1029	1030	69.85
2009	1030	1031	67.18
2009	1102	1103	68.28
2009	1103	1104	67.89
2009	1104	1105	68.79
2009	1105	1106	69.46
2009	1106	1107	69.14
2009	1109	1110	70.00
2009	1110	1111	73.66
2009	1111	1112	74.90
2009	1112	1113	74.35
2009	1113	1114	73.58
2009	1116	1117	75.03
2009	1117	1118	77.33
2009	1118	1119	79.98
2009	1119	1120	79.57
2009	1120	1121	80.08
2009	1123	1124	79.89
2009	1124	1125	80.13
2009	1125	1126	80.87
2009	1127	1128	79.50
2009	1130	1131	80.75
2009	1201	1202	82.51
2009	1202	1203	83.53
2009	1203	1204	82.07
2009	1204	1205	83.44
2009	1207	1208	83.44
2009	1208	1209	82.20
2009	1209	1210	83.38
2009	1210	1211	83.40
2009	1211	1212	82.84
2009	1214	1215	83.10
2009	1215	1216	81.80
2009	1216	1217	81.99
2009	1217	1218	80.74
2009	1218	1219	80.52
2009	1221	1222	80.97
2009	1222	1223	81.35
2009	1223	1224	81.96
2009	1224	1225	82.38
2009	1228	1229	82.62
2009	1229	1230	82.32
2009	1230	1231	82.61
2009	1231	1232	81.75
2010	104	105	83.43
2010	105	106	85.27
2010	106	107	86.27
2010	107	108	85.96
2010	108	109	86.65
2010	111	112	85.01
2010	112	113	83.31
2010	113	114	83.95
2010	114	115	82.79
2010	115	116	81.16
2010	119	120	81.75
2010	120	121	81.42
2010	121	122	79.82
2010	122	123	77.89
2010	125	126	77.90
2010	126	127	77.88
2010	127	128	77.81
2010	128	129	77.34
2010	129	130	75.88
2010	201	202	77.31
2010	202	203	77.28
2010	203	204	77.54
2010	204	205	75.48
2010	205	206	76.74
2010	208	209	74.21
2010	209	210	75.72
2010	210	211	75.57
2010	211	212	75.76
2010	212	213	75.82
2010	216	217	77.29
2010	217	218	78.10
2010	218	219	77.83
2010	219	220	77.75
2010	222	223	76.79
2010	223	224	75.90
2010	224	225	74.04
2010	225	226	71.18
2010	226	227	70.65
2010	301	302	71.24
2010	302	303	71.77
2010	303	304	73.25
2010	304	305	74.15
2010	305	306	72.50
2010	308	309	72.02
2010	309	310	71.28
2010	310	311	71.11
2010	311	312	71.61
2010	312	313	72.35
2010	315	316	71.83
2010	316	317	72.08
2010	317	318	72.26
2010	318	319	72.03
2010	319	320	72.20
2010	322	323	72.67
2010	323	324	72.96
2010	324	325	73.11
2010	325	326	71.25
2010	326	327	71.10
2010	329	330	71.06
2010	330	331	71.41
2010	331	332	71.42
2010	401	402	70.83
2010	405	406	70.44
2010	406	407	69.80
2010	407	408	68.09
2010	408	409	68.86
2010	409	410	68.85
2010	412	413	69.00
2010	413	414	67.75
2010	414	415	65.73
2010	415	416	65.63
2010	416	417	64.73
2010	419	420	66.75
2010	420	421	66.88
2010	421	422	66.37
2010	422	423	65.56
2010	423	424	65.66
2010	426	427	65.10
2010	427	428	63.38
2010	428	429	63.14
2010	429	430	62.25
2010	430	431	63.06
2010	503	504	63.37
2010	504	505	61.47
2010	505	506	60.98
2010	506	507	58.87
2010	507	508	59.09
2010	510	511	59.16
2010	511	512	57.52
2010	512	513	56.83
2010	513	514	55.54
2010	514	515	54.61
2010	517	518	55.48
2010	518	519	54.26
2010	519	520	56.34
2010	520	521	53.98
2010	521	522	54.95
2010	524	525	53.93
2010	525	526	54.56
2010	526	527	52.66
2010	527	528	50.27
2010	528	529	50.87
2010	601	602	48.77
2010	602	603	50.37
2010	603	604	50.51
2010	604	605	49.02
2010	607	608	49.52
2010	608	609	50.41
2010	609	610	48.93
2010	610	611	50.66
2010	611	612	51.23
2010	614	615	49.99
2010	615	616	51.28
2010	616	617	50.73
2010	617	618	50.28
2010	618	619	50.39
2010	621	622	49.96
2010	622	623	49.58
2010	623	624	49.46
2010	624	625	49.01
2010	625	626	48.27
2010	628	629	47.80
2010	629	630	47.34
2010	630	631	46.22
2010	701	702	46.05
2010	702	703	46.54
2010	706	707	45.12
2010	707	708	47.32
2010	708	709	47.72
2010	709	710	51.21
2010	712	713	51.20
2010	713	714	52.17
2010	714	715	54.55
2010	715	716	56.03
2010	716	717	56.20
2010	719	720	55.79
2010	720	721	57.61
2010	721	722	57.57
2010	722	723	56.66
2010	723	724	58.37
2010	726	727	57.32
2010	727	728	57.36
2010	728	729	57.60
2010	729	730	57.91
2010	730	731	57.84
2010	802	803	59.60
2010	803	804	59.00
2010	804	805	59.42
2010	805	806	61.28
2010	806	807	60.60
2010	809	810	59.56
2010	810	811	58.82
2010	811	812	56.77
2010	812	813	57.18
2010	813	814	57.29
2010	816	817	57.70
2010	817	818	59.16
2010	818	819	58.97
2010	819	820	57.17
2010	820	821	57.73
2010	823	824	57.32
2010	824	825	55.93
2010	825	826	55.86
2010	826	827	55.30
2010	827	828	56.56
2010	830	831	55.90
2010	831	832	52.65
2010	901	902	53.99
2010	902	903	54.35
2010	903	904	55.79
2010	907	908	55.34
2010	908	909	55.60
2010	909	910	56.64
2010	910	911	57.23
2010	913	914	57.85
2010	914	915	57.99
2010	915	916	57.46
2010	916	917	57.27
2010	917	918	56.23
2010	920	921	55.54
2010	921	922	54.34
2010	922	923	54.22
2010	923	924	53.73
2010	924	925	55.38
2010	927	928	53.07
2010	928	929	48.75
2010	929	930	48.00
2010	930	931	47.93
2010	1001	1002	48.26
2010	1004	1005	47.77
2010	1005	1006	48.80
2010	1006	1007	48.65
2010	1007	1008	48.83
2010	1008	1009	50.87
2010	1011	1012	51.23
2010	1012	1013	52.25
2010	1013	1014	54.69
2010	1014	1015	54.12
2010	1015	1016	56.78
2010	1018	1019	56.78
2010	1019	1020	57.30
2010	1020	1021	57.80
2010	1021	1022	57.90
2010	1022	1023	57.15
2010	1025	1026	58.71
2010	1026	1027	58.98
2010	1027	1028	60.25
2010	1028	1029	58.69
2010	1029	1030	59.42
2010	1101	1102	58.91
2010	1102	1103	59.11
2010	1103	1104	59.54
2010	1104	1105	62.82
2010	1105	1106	62.27
2010	1108	1109	62.30
2010	1109	1110	62.77
2010	1110	1111	62.62
2010	1111	1112	63.66
2010	1112	1113	62.15
2010	1115	1116	60.79
2010	1116	1117	59.33
2010	1117	1118	59.25
2010	1118	1119	59.63
2010	1119	1120	59.45
2010	1122	1123	59.90
2010	1123	1124	59.31
2010	1124	1125	60.14
2010	1126	1127	59.53
2010	1129	1130	59.36
2010	1130	1131	59.92
2010	1201	1202	61.73
2010	1202	1203	62.35
2010	1203	1204	62.82
2010	1206	1207	62.50
2010	1207	1208	61.83
2010	1208	1209	61.27
2010	1209	1210	61.00
2010	1210	1211	60.95
2010	1213	1214	61.01
2010	1214	1215	60.66
2010	1215	1216	60.52
2010	1216	1217	63.00
2010	1217	1218	64.60
2010	1220	1221	65.18
2010	1221	1222	66.30
2010	1222	1223	66.45
2010	1223	1224	66.60
2010	1227	1228	66.71
2010	1228	1229	67.11
2010	1229	1230	68.92
2010	1230	1231	69.72
2010	1231	1232	69.64
2011	103	104	68.86
2011	104	105	69.07
2011	105	106	69.13
2011	106	107	70.79
2011	107	108	71.79
2011	110	111	71.37
2011	111	112	72.52
2011	112	113	74.92
2011	113	114	74.78
2011	114	115	74.33
2011	118	119	74.63
2011	119	120	71.19
2011	120	121	69.67
2011	121	122	70.11
2011	124	125	71.12
2011	125	126	72.18
2011	126	127	73.54
2011	127	128	73.68
2011	128	129	71.54
2011	131	132	73.38
2011	201	202	76.05
2011	202	203	75.44
2011	203	204	74.83
2011	204	205	74.66
2011	207	208	75.55
2011	208	209	74.70
2011	209	210	75.23
2011	210	211	74.97
2011	211	212	75.05
2011	214	215	75.13
2011	215	216	71.54
2011	216	217	72.99
2011	217	218	74.15
2011	218	219	72.39
2011	222	223	71.26
2011	223	224	70.91
2011	224	225	70.54
2011	225	226	72.21
2011	228	229	71.89
2011	301	302	70.04
2011	302	303	70.09
2011	303	304	71.96
2011	304	305	73.06
2011	307	308	71.65
2011	308	309	71.79
2011	309	310	69.40
2011	310	311	67.09
2011	311	312	67.51
2011	314	315	67.06
2011	315	316	67.81
2011	316	317	66.43
2011	317	318	67.20
2011	318	319	67.84
2011	321	322	68.98
2011	322	323	68.95
2011	323	324	70.02
2011	324	325	70.52
2011	325	326	70.76
2011	328	329	70.25
2011	329	330	70.50
2011	330	331	70.79
2011	331	332	72.26
2011	401	402	73.17
2011	404	405	74.05
2011	405	406	73.60
2011	406	407	69.16
2011	407	408	67.97
2011	408	409	66.22
2011	411	412	67.17
2011	412	413	69.25
2011	413	414	68.15
2011	414	415	67.64
2011	415	416	67.33
2011	418	419	66.18
2011	419	420	66.85
2011	420	421	67.53
2011	421	422	67.52
2011	425	426	65.99
2011	426	427	66.97
2011	427	428	67.90
2011	428	429	67.42
2011	429	430	68.04
2011	502	503	66.98
2011	503	504	66.66
2011	504	505	65.16
2011	505	506	64.79
2011	506	507	65.27
2011	509	510	66.34
2011	510	511	66.45
2011	511	512	64.73
2011	512	513	64.01
2011	513	514	63.79
2011	516	517	63.37
2011	517	518	63.17
2011	518	519	65.62
2011	519	520	66.59
2011	520	521	66.33
2011	523	524	67.33
2011	524	525	68.10
2011	525	526	68.88
2011	526	527	69.42
2011	527	528	69.64
2011	531	532	71.04
2011	601	602	69.14
2011	602	603	69.04
2011	603	604	68.79
2011	606	607	67.56
2011	607	608	67.49
2011	608	609	67.62
2011	609	610	69.51
2011	610	611	68.77
2011	613	614	68.70
2011	614	615	69.48
2011	615	616	67.57
2011	616	617	66.27
2011	617	618	65.85
2011	620	621	66.46
2011	621	622	67.40
2011	622	623	66.76
2011	623	624	66.57
2011	624	625	65.96
2011	627	628	65.72
2011	628	629	66.90
2011	629	630	70.26
2011	630	631	72.54
2011	701	702	72.65
2011	705	706	73.77
2011	706	707	74.79
2011	707	708	74.75
2011	708	709	75.17
2011	711	712	74.31
2011	712	713	74.14
2011	713	714	74.39
2011	714	715	74.45
2011	715	716	74.06
2011	718	719	73.21
2011	719	720	73.85
2011	720	721	75.21
2011	721	722	75.74
2011	722	723	75.41
2011	725	726	76.42
2011	726	727	74.91
2011	727	728	73.90
2011	728	729	74.52
2011	729	730	73.48
2011	801	802	72.35
2011	802	803	71.04
2011	803	804	70.91
2011	804	805	66.00
2011	805	806	67.15
2011	808	809	63.44
2011	809	810	67.29
2011	810	811	65.81
2011	811	812	69.21
2011	812	813	69.85
2011	815	816	69.86
2011	816	817	69.00
2011	817	818	70.20
2011	818	819	66.49
2011	819	820	66.00
2011	822	823	65.28
2011	823	824	69.12
2011	824	825	70.77
2011	825	826	69.66
2011	826	827	70.68
2011	829	830	69.78
2011	830	831	69.47
2011	831	832	68.93
2011	901	902	68.93
2011	902	903	65.80
2011	906	907	64.86
2011	907	908	67.89
2011	908	909	67.36
2011	909	910	65.01
2011	912	913	65.87
2011	913	914	67.40
2011	914	915	69.47
2011	915	916	70.35
2011	916	917	69.77
2011	919	920	69.28
2011	920	921	67.71
2011	921	922	65.86
2011	922	923	64.32
2011	923	924	63.64
2011	926	927	64.95
2011	927	928	66.01
2011	928	929	62.88
2011	929	930	63.15
2011	930	931	60.04
2011	1003	1004	60.11
2011	1004	1005	63.25
2011	1005	1006	66.25
2011	1006	1007	71.29
2011	1007	1008	70.93
2011	1010	1011	73.76
2011	1011	1012	73.66
2011	1012	1013	73.64
2011	1013	1014	73.18
2011	1014	1015	74.40
2011	1017	1018	72.53
2011	1018	1019	74.53
2011	1019	1020	72.52
2011	1020	1021	73.67
2011	1021	1022	74.83
2011	1024	1025	74.79
2011	1025	1026	72.96
2011	1026	1027	74.22
2011	1027	1028	77.97
2011	1028	1029	76.43
2011	1031	1032	72.75
2011	1101	1102	71.20
2011	1102	1103	72.21
2011	1103	1104	73.12
2011	1104	1105	72.50
2011	1107	1108	72.92
2011	1108	1109	74.69
2011	1109	1110	71.93
2011	1110	1111	73.51
2011	1111	1112	75.10
2011	1114	1115	74.39
2011	1115	1116	74.59
2011	1116	1117	72.62
2011	1117	1118	70.49
2011	1118	1119	71.39
2011	1121	1122	70.69
2011	1122	1123	69.38
2011	1123	1124	67.97
2011	1125	1126	67.71
2011	1128	1129	69.49
2011	1129	1130	70.15
2011	1130	1131	73.45
2011	1201	1202	73.20
2011	1202	1203	70.42
2011	1205	1206	70.36
2011	1206	1207	72.32
2011	1207	1208	71.73
2011	1208	1209	69.89
2011	1209	1210	71.23
2011	1212	1213	69.04
2011	1213	1214	68.05
2011	1214	1215	67.72
2011	1215	1216	68.41
2011	1216	1217	68.14
2011	1219	1220	67.45
2011	1220	1221	70.29
2011	1221	1222	70.72
2011	1222	1223	70.63
2011	1223	1224	70.98
2011	1227	1228	70.98
2011	1228	1229	69.64
2011	1229	1230	70.45
2011	1230	1231	70.07
2012	103	104	71.94
2012	104	105	72.67
2012	105	106	76.68
2012	106	107	77.51
2012	109	110	78.50
2012	110	111	79.20
2012	111	112	79.85
2012	112	113	80.27
2012	113	114	79.59
2012	117	118	80.64
2012	118	119	80.98
2012	119	120	80.35
2012	120	121	80.05
2012	123	124	79.89
2012	124	125	80.11
2012	125	126	81.32
2012	126	127	81.15
2012	127	128	80.53
2012	130	131	82.29
2012	131	132	82.05
2012	201	202	83.41
2012	202	203	82.13
2012	203	204	82.15
2012	206	207	79.65
2012	207	208	79.80
2012	208	209	79.14
2012	209	210	78.33
2012	210	211	77.34
2012	213	214	77.93
2012	214	215	76.94
2012	215	216	77.80
2012	216	217	79.01
2012	217	218	79.34
2012	221	222	79.38
2012	222	223	79.75
2012	223	224	77.78
2012	224	225	79.52
2012	227	228	78.84
2012	228	229	79.01
2012	229	230	77.38
2012	301	302	80.15
2012	302	303	80.73
2012	305	306	80.00
2012	306	307	77.62
2012	307	308	77.66
2012	308	309	79.75
2012	309	310	79.29
2012	312	313	78.84
2012	313	314	79.33
2012	314	315	78.49
2012	315	316	79.30
2012	316	317	78.81
2012	319	320	79.97
2012	320	321	79.09
2012	321	322	79.16
2012	322	323	78.37
2012	323	324	78.44
2012	326	327	80.05
2012	327	328	79.82
2012	328	329	79.15
2012	329	330	78.91
2012	330	331	79.76
2012	402	403	81.48
2012	403	404	81.80
2012	404	405	80.58
2012	405	406	79.02
2012	409	410	76.59
2012	410	411	74.42
2012	411	412	76.12
2012	412	413	78.34
2012	413	414	77.07
2012	416	417	76.87
2012	417	418	77.60
2012	418	419	76.76
2012	419	420	76.79
2012	420	421	77.16
2012	423	424	75.74
2012	424	425	75.57
2012	425	426	77.51
2012	426	427	76.93
2012	427	428	77.84
2012	430	431	76.18
2012	501	502	76.33
2012	502	503	75.63
2012	503	504	75.16
2012	504	505	73.60
2012	507	508	72.83
2012	508	509	74.00
2012	509	510	71.90
2012	510	511	71.71
2012	511	512	72.45
2012	514	515	71.50
2012	515	516	72.08
2012	516	517	71.42
2012	517	518	70.14
2012	518	519	69.89
2012	521	522	72.10
2012	522	523	71.30
2012	523	524	71.82
2012	524	525	73.94
2012	525	526	73.56
2012	529	530	74.75
2012	530	531	76.41
2012	531	532	77.20
2012	601	602	76.17
2012	604	605	76.06
2012	605	606	76.86
2012	606	607	79.20
2012	607	608	78.61
2012	608	609	79.40
2012	611	612	78.56
2012	612	613	79.70
2012	613	614	77.78
2012	614	615	78.69
2012	615	616	78.70
2012	618	619	79.67
2012	619	620	80.45
2012	620	621	79.69
2012	621	622	77.78
2012	622	623	78.45
2012	625	626	77.88
2012	626	627	77.87
2012	627	628	80.89
2012	628	629	80.25
2012	629	630	82.78
2012	702	703	83.48
2012	703	704	83.58
2012	705	706	83.04
2012	706	707	82.09
2012	709	710	82.74
2012	710	711	81.88
2012	711	712	82.77
2012	712	713	82.66
2012	713	714	83.86
2012	716	717	85.50
2012	717	718	86.50
2012	718	719	86.52
2012	719	720	86.78
2012	720	721	87.52
2012	723	724	85.40
2012	724	725	85.06
2012	725	726	84.80
2012	726	727	85.60
2012	727	728	86.88
2012	730	731	86.90
2012	731	732	85.62
2012	801	802	86.41
2012	802	803	87.38
2012	803	804	87.04
2012	806	807	88.46
2012	807	808	88.61
2012	808	809	88.00
2012	809	810	88.62
2012	810	811	86.74
2012	813	814	86.90
2012	814	815	86.20
2012	815	816	86.64
2012	816	817	88.32
2012	817	818	87.87
2012	820	821	87.47
2012	821	822	87.69
2012	822	823	88.06
2012	823	824	85.83
2012	824	825	85.34
2012	827	828	86.13
2012	828	829	86.97
2012	829	830	87.73
2012	830	831	87.17
2012	831	832	87.11
2012	904	905	86.62
2012	905	906	87.55
2012	906	907	89.44
2012	907	908	89.39
2012	910	911	89.42
2012	911	912	89.50
2012	912	913	87.99
2012	913	914	89.90
2012	914	915	88.97
2012	917	918	89.08
2012	918	919	89.06
2012	919	920	91.16
2012	920	921	91.06
2012	921	922	90.92
2012	924	925	91.04
2012	925	926	90.45
2012	926	927	89.49
2012	927	928	91.36
2012	928	929	91.02
2012	1001	1002	90.39
2012	1002	1003	90.94
2012	1003	1004	88.59
2012	1004	1005	90.64
2012	1005	1006	91.16
2012	1008	1009	91.65
2012	1009	1010	90.51
2012	1010	1011	89.30
2012	1011	1012	88.49
2012	1012	1013	88.57
2012	1015	1016	89.18
2012	1016	1017	90.48
2012	1017	1018	89.63
2012	1018	1019	89.98
2012	1019	1020	88.69
2012	1022	1023	88.87
2012	1023	1024	86.93
2012	1024	1025	86.49
2012	1025	1026	86.49
2012	1026	1027	86.60
2012	1031	1032	86.07
2012	1101	1102	86.85
2012	1102	1103	85.87
2012	1105	1106	88.05
2012	1106	1107	88.95
2012	1107	1108	87.35
2012	1108	1109	86.33
2012	1109	1110	86.43
2012	1112	1113	85.60
2012	1113	1114	85.19
2012	1114	1115	83.84
2012	1115	1116	84.66
2012	1116	1117	85.23
2012	1119	1120	88.33
2012	1120	1121	89.23
2012	1121	1122	89.39
2012	1123	1124	90.58
2012	1126	1127	91.19
2012	1127	1128	90.81
2012	1128	1129	91.31
2012	1129	1130	92.08
2012	1130	1131	91.59
2012	1203	1204	89.43
2012	1204	1205	89.20
2012	1205	1206	89.60
2012	1206	1207	89.97
2012	1207	1208	90.69
2012	1210	1211	90.55
2012	1211	1212	91.07
2012	1212	1213	89.75
2012	1213	1214	89.50
2012	1214	1215	89.13
2012	1217	1218	90.67
2012	1218	1219	92.10
2012	1219	1220	91.68
2012	1220	1221	92.54
2012	1221	1222	92.55
2012	1224	1225	92.80
2012	1226	1227	94.10
2012	1227	1228	93.99
2012	1228	1229	93.08
2012	1231	1232	94.65
2013	102	103	96.15
2013	103	104	95.34
2013	104	105	96.11
2013	107	108	95.94
2013	108	109	98.50
2013	109	110	99.58
2013	110	111	99.47
2013	111	112	100.08
2013	114	115	100.59
2013	115	116	101.44
2013	116	117	101.90
2013	117	118	101.32
2013	118	119	102.47
2013	122	123	102.41
2013	123	124	103.08
2013	124	125	103.62
2013	125	126	103.45
2013	128	129	102.85
2013	129	130	102.90
2013	130	131	102.73
2013	131	132	101.35
2013	201	202	102.27
2013	204	205	101.34
2013	205	206	102.02
2013	206	207	101.71
2013	207	208	100.57
2013	208	209	101.15
2013	211	212	102.12
2013	212	213	101.77
2013	213	214	102.81
2013	214	215	102.00
2013	215	216	103.51
2013	219	220	101.89
2013	220	221	98.66
2013	221	222	98.71
2013	222	223	99.98
2013	225	226	98.09
2013	226	227	99.20
2013	227	228	100.40
2013	228	229	101.03
2013	301	302	101.66
2013	304	305	101.62
2013	305	306	102.77
2013	306	307	102.29
2013	307	308	102.91
2013	308	309	103.35
2013	311	312	104.22
2013	312	313	103.38
2013	313	314	103.64
2013	314	315	104.10
2013	315	316	104.24
2013	318	319	102.64
2013	319	320	102.30
2013	320	321	103.12
2013	321	322	101.05
2013	322	323	101.32
2013	325	326	99.40
2013	326	327	103.79
2013	327	328	105.12
2013	328	329	105.63
2013	401	402	105.79
2013	402	403	104.00
2013	403	404	104.51
2013	404	405	105.74
2013	405	406	105.10
2013	408	409	105.20
2013	409	410	105.26
2013	410	411	105.65
2013	411	412	107.10
2013	412	413	105.45
2013	415	416	103.10
2013	416	417	105.36
2013	417	418	103.79
2013	418	419	102.12
2013	419	420	103.22
2013	422	423	103.45
2013	423	424	103.75
2013	424	425	104.17
2013	425	426	105.93
2013	426	427	104.68
2013	429	430	106.50
2013	430	431	106.82
2013	501	502	104.70
2013	502	503	106.11
