1992	101	132	1049
1992	201	230	1026
1992	301	332	1074
1992	401	431	1031
1992	501	532	1047
1992	601	631	986
1992	701	732	1015
1992	801	832	1021
1992	901	931	958
1992	1001	1032	1041
1992	1101	1131	999
1992	1201	1232	1034
1993	101	132	959
1993	201	229	920
1993	301	332	1019
1993	401	431	1056
1993	501	532	1057
1993	601	631	1017
1993	701	732	1096
1993	801	832	1052
1993	901	931	971
1993	1001	1032	1033
1993	1101	1131	978
1993	1201	1232	983
1994	101	132	906
1994	201	229	910
1994	301	332	1025
1994	401	431	1026
1994	501	532	1014
1994	601	631	977
1994	701	732	990
1994	801	832	989
1994	901	931	960
1994	1001	1032	981
1994	1101	1131	962
1994	1201	1232	1022
1995	101	132	910
1995	201	229	912
1995	301	332	1025
1995	401	431	1017
1995	501	532	1044
1995	601	631	1032
1995	701	732	1060
1995	801	832	1077
1995	901	931	1098
1995	1001	1032	1086
1995	1101	1131	1070
1995	1201	1232	1121
1996	101	132	993
1996	201	230	1026
1996	301	332	1114
1996	401	431	1050
1996	501	532	1094
1996	601	631	1069
1996	701	732	1096
1996	801	832	1137
1996	901	931	1053
1996	1001	1032	1100
1996	1101	1131	1101
1996	1201	1232	1116
1997	101	132	1051
1997	201	229	1000
1997	301	332	1102
1997	401	431	1094
1997	501	532	1143
1997	601	631	1094
1997	701	732	1175
1997	801	832	1212
1997	901	931	1109
1997	1001	1032	1185
1997	1101	1131	1102
1997	1201	1232	1112
1998	101	132	1108
1998	201	229	1089
1998	301	332	1199
1998	401	431	1126
1998	501	532	1177
1998	601	631	1154
1998	701	732	1232
1998	801	832	1205
1998	901	931	1143
1998	1001	1032	1227
1998	1101	1131	1117
1998	1201	1232	1180
1999	101	132	1102
1999	201	229	1140
1999	301	332	1291
1999	401	431	1247
1999	501	532	1207
1999	601	631	1196
1999	701	732	1256
1999	801	832	1205
1999	901	931	1177
1999	1001	1032	1263
1999	1101	1131	1185
1999	1201	1232	1261
2000	101	132	1196
2000	201	230	1251
2000	301	332	1414
2000	401	431	1291
2000	501	532	1293
2000	601	631	1289
2000	701	732	1320
2000	801	832	1313
2000	901	931	1265
2000	1001	1032	1233
2000	1101	1131	1187
2000	1201	1232	1278
2001	101	132	1197
2001	201	229	1181
2001	301	332	1367
2001	401	431	1234
2001	501	532	1254
2001	601	631	1287
2001	701	732	1314
2001	801	832	1395
2001	901	931	1337
2001	1001	1032	1363
2001	1101	1131	1352
2001	1201	1232	1403
2002	101	132	1289
2002	201	229	1274
2002	301	332	1430
2002	401	431	1343
2002	501	532	1405
2002	601	631	1372
2002	701	732	1426
2002	801	832	1431
2002	901	931	1297
2002	1001	1032	1349
2002	1101	1131	1347
2002	1201	1232	1367
2003	101	132	1328
2003	201	229	1280
2003	301	332	1478
2003	401	431	1407
2003	501	532	1523
2003	601	631	1403
2003	701	732	1477
2003	801	832	1572
2003	901	931	1434
2003	1001	1032	1508
2003	1101	1131	1428
2003	1201	1232	1421
2004	101	132	1444
2004	201	230	1412
2004	301	332	1501
2004	401	431	1450
2004	501	532	1498
2004	601	631	1451
2004	701	732	1530
2004	801	832	1498
2004	901	931	1458
2004	1001	1032	1520
2004	1101	1131	1402
2004	1201	1232	1441
2005	101	132	1381
2005	201	229	1356
2005	301	332	1488
2005	401	431	1522
2005	501	532	1501
2005	601	631	1475
2005	701	732	1576
2005	801	832	1571
2005	901	931	1568
2005	1001	1032	1564
2005	1101	1131	1482
2005	1201	1232	1569
2006	101	132	1470
2006	201	229	1455
2006	301	332	1664
2006	401	431	1589
2006	501	532	1653
2006	601	631	1639
2006	701	732	1695
2006	801	832	1694
2006	901	931	1631
2006	1001	1032	1640
2006	1101	1131	1556
2006	1201	1232	1647
2007	101	132	1520
2007	201	229	1475
2007	301	332	1754
2007	401	431	1605
2007	501	532	1701
2007	601	631	1701
2007	701	732	1830
2007	801	832	1713
2007	901	931	1668
2007	1001	1032	1664
2007	1101	1131	1623
2007	1201	1232	1634
2008	101	132	1498
2008	201	230	1529
2008	301	332	1710
2008	401	431	1657
2008	501	532	1743
2008	601	631	1696
2008	701	732	1885
2008	801	832	1840
2008	901	931	1674
2008	1001	1032	1709
2008	1101	1131	1618
2008	1201	1232	1673
2009	101	132	1590
2009	201	229	1519
2009	301	332	1759
2009	401	431	1660
2009	501	532	1743
2009	601	631	1722
2009	701	732	1773
2009	801	832	1672
2009	901	931	1599
2009	1001	1032	1686
2009	1101	1131	1554
2009	1201	1232	1623
2010	101	132	1540
2010	201	229	1568
2010	301	332	1732
2010	401	431	1653
2010	501	532	1685
2010	601	631	1675
2010	701	732	1782
2010	801	832	1739
2010	901	931	1666
2010	1001	1032	1744
2010	1101	1131	1639
2010	1201	1232	1706
2011	101	132	1547
2011	201	229	1605
2011	301	332	1813
2011	401	431	1743
2011	501	532	1742
2011	601	631	1713
2011	701	732	1826
2011	801	832	1718
2011	901	931	1727
2011	1001	1032	1754
2011	1101	1131	1650
2011	1201	1232	1731
2012	101	132	1599
2012	201	230	1674
2012	301	332	1998
2012	401	431	1813
2012	501	532	1869
2012	601	631	1937
2012	701	732	1959
2012	801	832	1978
2012	901	931	1856
2012	1001	1032	1783
2012	1101	1131	1762
2012	1201	1232	1895
2013	101	132	1748
2013	201	229	1733
